1	36	2.62193
1	70	0.523744
1	76	0.490845
1	80	0.507802
2	57	0.481816
2	61	0.528397
2	71	0.510907
2	72	2.62196
3	54	2.62199
3	67	0.478531
3	70	0.529514
3	80	0.513572
4	47	1.40281
4	53	1.21915
4	68	0.762064
4	69	0.759728
5	43	3.29605
5	50	0.407744
5	69	0.484004
5	70	0.518522
5	80	0.50258
6	57	3.29602
6	58	0.500467
6	61	0.490779
6	72	0.453023
6	73	0.469633
7	53	0.468781
7	56	3.29602
7	63	0.47946
7	71	0.474697
7	78	0.489943
8	23	0.587422
8	57	1.49034
8	64	0.659664
8	67	1.80569
8	76	0.665341
9	37	0.537128
9	52	1.97017
9	56	2.00334
9	59	0.609118
9	63	0.58225
9	71	0.577486
10	46	2.2627
10	47	0.4914
10	54	2.39119
10	70	0.575922
10	72	0.525738
10	78	0.56125
10	79	0.546259
11	55	2.28736
11	72	0.517945
11	73	0.534555
11	74	0.54389
11	78	0.553457
11	79	2.3665
11	80	0.552187
12	26	1.67334
12	30	1.5942
12	56	0.643222
12	71	0.692899
12	77	0.656968
12	79	1.38634
12	80	0.706875
13	44	1.27211
13	53	1.34331
13	59	0.81496
13	62	0.775584
13	67	1.3667
13	72	0.763062
13	75	0.743399
13	80	1.35457
14	23	0.448776
14	29	2.8013
14	53	0.52376
14	55	2.53541
14	70	0.559594
14	76	0.526695
14	77	0.493746
14	80	0.543652
15	24	2.02328
15	55	1.95965
15	62	0.576439
15	64	0.575525
15	68	0.581919
15	69	0.579583
15	71	0.584183
15	79	2.03879
15	80	0.598159
16	36	1.74829
16	38	2.0349
16	49	0.524685
16	61	0.598708
16	70	0.611136
16	72	2.23847
16	74	0.586897
16	76	0.578236
16	80	0.595194
17	57	1.9204
17	60	1.93543
17	64	0.580733
17	65	2.16588
17	71	0.589391
17	74	0.59507
17	76	0.58641
17	77	0.553461
17	79	0.589646
18	27	1.63887
18	38	2.1741
18	43	2.20881
18	48	0.571145
18	55	0.56714
18	56	0.553202
18	69	0.598279
18	71	0.602878
18	76	0.599897
19	39	0.542559
19	48	1.95308
19	51	2.10129
19	63	0.587901
19	74	0.588817
19	76	0.580157
19	78	0.598384
19	79	1.96734
19	80	0.597114
20	47	0.512807
20	57	2.16027
20	60	2.17531
20	62	0.559667
20	63	0.572174
20	64	0.558753
20	66	0.554537
20	69	0.562811
20	74	0.57309
20	75	2.37308
21	46	2.02272
21	54	2.15121
21	57	0.536823
21	62	0.55817
21	63	0.570678
21	64	0.557256
21	65	0.535388
21	74	0.571594
21	76	0.562933
21	77	2.53475
22	37	1.74801
22	50	0.552016
22	53	1.87156
22	59	0.664507
22	65	0.602349
22	67	1.89495
22	72	0.61261
22	76	0.629894
22	77	0.596945
22	79	0.633131
22	80	1.88282
23	8	0.587422
23	14	0.448776
23	48	2.41985
23	61	0.566496
23	62	0.541261
23	67	0.52794
23	69	0.544406
23	75	2.54338
23	77	0.513075
23	79	2.43411
23	80	0.562981
24	15	2.02328
24	32	2.09695
24	55	1.94412
24	62	0.59178
24	65	0.568997
24	67	0.578459
24	71	0.599524
24	72	0.579258
24	76	0.596543
24	77	0.563594
24	78	0.61477
24	79	2.02326
25	30	0.516452
25	45	2.2333
25	51	2.23489
25	59	0.593536
25	61	0.579395
25	66	0.549031
25	70	0.591823
25	71	0.561905
25	74	0.567584
25	75	2.2102
25	76	0.558923
25	78	0.577151
25	79	2.10094
26	12	1.67334
26	30	2.53362
26	55	2.24662
26	58	0.591673
26	66	0.551621
26	70	0.594413
26	72	0.544228
26	74	0.570174
26	75	0.524565
26	76	0.561513
26	78	0.579741
26	79	2.32576
26	80	0.578471
27	18	1.63887
27	36	1.51058
27	38	1.79719
27	43	1.8319
27	47	0.581891
27	61	0.653986
27	68	0.634232
27	70	0.666413
27	72	2.00076
27	73	0.632839
27	74	0.642174
27	76	0.633514
27	80	0.650471
28	33	0.483095
28	35	2.58666
28	57	2.1192
28	61	0.574935
28	66	0.544571
28	67	2.43455
28	68	0.555181
28	69	0.552845
28	74	0.563124
28	75	2.33201
28	77	0.521514
28	78	0.572691
28	79	0.557699
28	80	0.571421
29	14	2.8013
29	32	2.29921
29	50	0.487434
29	55	2.14638
29	56	0.518618
29	60	0.553274
29	61	0.585785
29	66	0.555421
29	68	0.566031
29	72	0.548028
29	76	0.565313
29	77	0.532364
29	78	0.58354
29	79	2.22552
30	12	1.5942
30	25	0.516452
30	26	2.53362
30	32	2.32031
30	37	0.544094
30	48	0.552719
30	55	2.16748
30	61	0.601942
30	63	0.589215
30	69	0.579852
30	71	0.584452
30	72	0.564186
30	73	0.580796
30	74	0.590131
30	78	0.599698
30	79	2.24662
31	40	1.88401
31	49	2.3518
31	52	2.1407
31	56	2.17388
31	58	0.599128
31	59	0.603581
31	61	0.58944
31	62	0.564206
31	68	0.569686
31	72	0.551684
31	73	0.568294
31	75	0.53202
31	76	0.568968
31	77	2.31185
31	79	0.572205
31	80	0.585926
32	24	2.09695
32	29	2.29921
32	30	2.32031
32	36	0.560828
32	55	2.03332
32	61	0.597189
32	63	0.584462
32	64	0.571041
32	65	0.549172
32	67	0.558634
32	68	0.577435
32	73	0.576043
32	75	0.539769
32	78	0.594945
32	79	2.11245
32	80	0.593675
33	28	0.483095
33	45	2.5291
33	48	2.38247
33	51	2.53069
33	60	2.30822
33	63	0.560318
33	64	0.546897
33	65	0.525028
33	66	0.542681
33	67	0.53449
33	70	0.585473
33	71	0.555555
33	72	0.535289
33	73	0.551899
33	75	2.506
33	76	0.552574
33	78	0.570801
33	80	0.569531
34	37	1.91527
34	44	1.96762
34	47	2.22248
34	53	2.03882
34	60	0.589618
34	65	0.574112
34	66	0.591765
34	67	2.06221
34	68	0.602375
34	69	0.600039
34	72	0.584372
34	73	0.600983
34	74	0.610318
34	75	0.564709
34	77	0.568708
34	78	0.619885
34	79	0.604894
34	80	2.05008
35	28	2.58666
35	36	0.533627
35	56	0.502821
35	57	2.29913
35	58	0.579676
35	59	0.584129
35	60	2.31416
35	64	0.54384
35	65	2.54461
35	68	0.550234
35	71	0.552498
35	72	0.532232
35	73	0.548842
35	75	2.51194
35	76	0.549516
35	77	0.516568
35	79	0.552753
35	80	0.566474
36	1	2.62193
36	16	1.74829
36	27	1.51058
36	32	0.560828
36	35	0.533627
36	38	2.04581
36	43	2.08052
36	49	0.554501
36	51	0.560915
36	57	0.581943
36	59	0.642665
36	63	0.615797
36	64	0.602376
36	66	0.598161
36	70	0.640952
36	71	0.611034
36	72	2.24938
36	76	0.608053
37	9	0.537128
37	22	1.74801
37	30	0.544094
37	34	1.91527
37	40	0.576573
37	44	2.22083
37	47	2.47568
37	49	0.533014
37	53	2.29203
37	54	0.559901
37	61	0.607037
37	62	0.581802
37	64	0.580888
37	68	0.587283
37	70	0.619465
37	71	0.589547
37	74	0.595226
37	78	0.604793
37	80	2.30329
38	16	2.0349
38	18	2.1741
38	27	1.79719
38	36	2.04581
38	43	2.36713
38	49	0.541778
38	52	0.560135
38	56	0.548634
38	57	0.569219
38	60	0.58329
38	61	0.615801
38	65	0.567784
38	66	0.585437
38	68	0.596047
38	69	0.593711
38	72	2.536
38	73	0.594654
38	76	0.595329
38	77	0.56238
39	19	0.542559
39	40	1.86058
39	44	0.550532
39	45	0.534903
39	49	2.32836
39	50	0.508466
39	52	2.11727
39	56	2.15044
39	59	0.620957
39	62	0.581582
39	63	0.594089
39	65	2.21005
39	66	0.576452
39	70	0.619244
39	73	0.58567
39	74	0.595005
39	77	2.28841
39	78	0.604572
39	80	0.603302
40	31	1.88401
40	37	0.576573
40	39	1.86058
40	45	0.562508
40	49	2.09147
40	52	1.88038
40	56	1.91355
40	59	0.648562
40	62	0.609187
40	65	1.97316
40	66	0.604058
40	69	0.612331
40	71	0.616931
40	74	0.62261
40	75	0.577002
40	76	0.61395
40	77	2.05152
40	78	0.632177
40	79	0.617186
40	80	0.630907
41	42	2.50051
41	45	0.488787
41	46	2.2041
41	48	0.511478
41	50	3.20176
41	54	2.3326
41	58	0.570389
41	62	0.535466
41	64	0.534552
41	65	0.512684
41	68	0.540947
41	69	0.538611
41	70	0.573129
41	72	0.522944
41	73	0.539554
41	74	0.54889
41	77	2.71613
41	79	0.543465
41	80	0.557187
42	41	2.50051
42	46	1.75171
42	50	2.74937
42	51	0.542095
42	54	1.88021
42	59	1.80959
42	62	0.584469
42	64	0.583555
42	65	0.561687
42	66	0.57934
42	67	0.571149
42	68	0.58995
42	71	0.592214
42	72	0.571947
42	73	0.588557
42	75	0.552284
42	77	2.26374
42	78	0.60746
42	79	0.592468
43	5	3.29605
43	18	2.20881
43	27	1.8319
43	36	2.08052
43	38	2.36713
43	46	0.553766
43	49	0.506436
43	50	0.482109
43	59	0.5946
43	61	0.580459
43	63	0.567732
43	68	0.560705
43	70	0.592887
43	71	0.562969
43	72	2.5707
43	73	0.559313
43	75	0.523039
43	77	0.527038
43	78	0.578215
43	79	0.563224
43	80	0.576945
44	13	1.27211
44	34	1.96762
44	37	2.22083
44	39	0.550532
44	46	0.581909
44	47	2.52804
44	53	2.34438
44	55	0.555373
44	64	0.582453
44	66	0.578238
44	67	2.36777
44	68	0.588848
44	69	0.586512
44	70	0.62103
44	72	0.570845
44	73	0.587455
44	74	0.596791
44	75	0.551182
44	76	0.58813
44	78	0.606357
44	79	0.591366
44	80	2.35564
45	25	2.2333
45	33	2.5291
45	39	0.534903
45	40	0.562508
45	41	0.488787
45	48	2.15687
45	51	2.30508
45	58	0.60266
45	59	0.607113
45	60	2.08262
45	61	0.592972
45	63	0.580245
45	65	0.544955
45	68	0.573218
45	69	0.570882
45	70	0.6054
45	71	0.575482
45	72	0.555215
45	73	0.571825
45	75	2.28039
45	78	0.590728
45	79	2.17113
45	80	0.589458
46	10	2.2627
46	21	2.02272
46	41	2.2041
46	42	1.75171
46	43	0.553766
46	44	0.581909
46	50	2.45296
46	54	1.5838
46	56	0.571026
46	58	0.647881
46	59	1.51318
46	60	0.605682
46	62	0.612958
46	66	0.607829
46	67	0.599637
46	70	0.65062
46	73	0.617046
46	74	0.626381
46	75	0.580773
46	76	0.617721
46	77	1.96733
46	78	0.635948
46	80	0.634678
47	4	1.40281
47	10	0.4914
47	20	0.512807
47	27	0.581891
47	34	2.22248
47	37	2.47568
47	44	2.52804
47	50	0.494441
47	52	0.537126
47	53	2.59924
47	58	0.602479
47	59	0.606932
47	60	0.56028
47	61	0.592791
47	62	0.567557
47	66	0.562427
47	67	2.62263
47	68	0.573037
47	69	0.570701
47	72	0.555035
47	73	0.571645
47	74	0.58098
47	78	0.590547
47	80	2.6105
48	18	0.571145
48	19	1.95308
48	23	2.41985
48	30	0.552719
48	33	2.38247
48	41	0.511478
48	45	2.15687
48	50	0.517312
48	51	2.15845
48	54	0.568527
48	58	0.62535
48	59	0.629803
48	60	1.93599
48	61	0.615662
48	62	0.590428
48	63	0.602935
48	68	0.595908
48	69	0.593572
48	71	0.598172
48	72	0.577906
48	73	0.594516
48	74	0.603851
48	75	2.13376
48	79	2.0245
48	80	0.612148
49	16	0.524685
49	31	2.3518
49	36	0.554501
49	37	0.533014
49	38	0.541778
49	39	2.32836
49	40	2.09147
49	43	0.506436
49	52	2.34816
49	56	2.38133
49	60	0.558351
49	61	0.590863
49	62	0.565628
49	63	0.578135
49	64	0.564714
49	65	2.44094
49	66	0.560499
49	69	0.568772
49	70	0.60329
49	71	0.573372
49	72	0.553106
49	77	2.51931
49	78	0.588618
49	80	0.587348
50	5	0.407744
50	22	0.552016
50	29	0.487434
50	39	0.508466
50	41	3.20176
50	42	2.74937
50	43	0.482109
50	46	2.45296
50	47	0.494441
50	48	0.517312
50	54	2.58146
50	58	0.576223
50	59	2.51084
50	63	0.553808
50	64	0.540387
50	66	0.536171
50	68	0.546781
50	69	0.544445
50	70	0.578963
50	73	0.545389
50	74	0.554724
50	77	2.96499
50	78	0.564291
50	80	0.563021
51	19	2.10129
51	25	2.23489
51	33	2.53069
51	36	0.560915
51	42	0.542095
51	45	2.30508
51	48	2.15845
51	53	0.573871
51	55	0.544048
51	58	0.606965
51	59	0.611418
51	60	2.0842
51	61	0.597277
51	62	0.572042
51	63	0.584549
51	64	0.571128
51	66	0.566913
51	67	0.558721
51	69	0.575187
51	71	0.579786
51	72	0.55952
51	75	2.28198
51	76	0.576805
51	78	0.595032
51	79	2.17271
51	80	0.593762
52	9	1.97017
52	31	2.1407
52	38	0.560135
52	39	2.11727
52	40	1.88038
52	47	0.537126
52	49	2.34816
52	53	0.585814
52	56	2.17024
52	58	0.618908
52	59	0.623361
52	62	0.583986
52	64	0.583072
52	65	2.22985
52	66	0.578856
52	68	0.589466
52	69	0.58713
52	70	0.621648
52	71	0.59173
52	72	0.571464
52	73	0.588074
52	74	0.597409
52	75	0.5518
52	77	2.30821
52	79	0.591985
53	4	1.21915
53	7	0.468781
53	13	1.34331
53	14	0.52376
53	22	1.87156
53	34	2.03882
53	37	2.29203
53	44	2.34438
53	47	2.59924
53	51	0.573871
53	52	0.585814
53	57	0.594898
53	58	0.651168
53	63	0.628752
53	64	0.615331
53	65	0.593462
53	67	2.43897
53	68	0.621726
53	69	0.61939
53	70	0.653907
53	72	0.603723
53	73	0.620333
53	74	0.629668
53	75	0.58406
53	76	0.621008
53	77	0.588059
53	80	2.42684
54	3	2.62199
54	10	2.39119
54	21	2.15121
54	37	0.559901
54	41	2.3326
54	42	1.88021
54	46	1.5838
54	48	0.568527
54	50	2.58146
54	59	1.64168
54	60	0.585239
54	62	0.592515
54	63	0.605023
54	64	0.591602
54	65	0.569733
54	66	0.587386
54	67	0.579195
54	68	0.597996
54	69	0.59566
54	71	0.60026
54	72	0.579993
54	73	0.596604
54	74	0.605939
54	75	0.56033
54	76	0.597278
54	77	2.09583
54	79	0.600515
54	80	0.614236
55	11	2.28736
55	14	2.53541
55	15	1.95965
55	18	0.56714
55	24	1.94412
55	26	2.24662
55	29	2.14638
55	30	2.16748
55	32	2.03332
55	44	0.555373
55	51	0.544048
55	56	0.54449
55	58	0.621345
55	59	0.625798
55	61	0.611657
55	64	0.585508
55	66	0.581293
55	68	0.591903
55	69	0.589567
55	70	0.624085
55	71	0.594167
55	73	0.59051
55	74	0.599846
55	75	0.554237
55	76	0.591185
55	78	0.609413
55	79	1.95963
55	80	0.608143
56	7	3.29602
56	9	2.00334
56	12	0.643222
56	18	0.553202
56	29	0.518618
56	31	2.17388
56	35	0.502821
56	38	0.548634
56	39	2.15044
56	40	1.91355
56	46	0.571026
56	49	2.38133
56	52	2.17024
56	55	0.54449
56	59	0.61186
56	60	0.565208
56	62	0.572484
56	63	0.584991
56	65	2.26302
56	66	0.567355
56	67	0.559163
56	69	0.575629
56	70	0.610146
56	71	0.580228
56	72	0.559962
56	73	0.576572
56	74	0.585907
56	77	2.34139
56	78	0.595474
56	79	0.580483
57	2	0.481816
57	6	3.29602
57	8	1.49034
57	17	1.9204
57	20	2.16027
57	21	0.536823
57	28	2.1192
57	35	2.29913
57	36	0.581943
57	38	0.569219
57	53	0.594898
57	58	0.627992
57	59	0.632445
57	60	1.8467
57	62	0.59307
57	63	0.605577
57	64	0.592156
57	65	2.07715
57	67	2.14702
57	68	0.59855
57	69	0.596214
57	70	0.630732
57	72	0.580548
57	73	0.597158
57	74	0.606493
57	75	2.04448
57	76	0.597832
57	77	0.564883
57	78	0.61606
57	79	0.601069
57	80	0.61479
58	6	0.500467
58	26	0.591673
58	31	0.599128
58	35	0.579676
58	41	0.570389
58	45	0.60266
58	46	0.647881
58	47	0.602479
58	48	0.62535
58	50	0.576223
58	51	0.606965
58	52	0.618908
58	53	0.651168
58	55	0.621345
58	57	0.627992
58	60	0.642063
58	63	1.97383
58	64	2.08181
58	65	0.626556
58	66	2.1323
58	67	0.636019
58	68	1.97096
58	69	2.00973
58	70	1.86157
58	71	1.99814
58	73	2.05312
58	75	0.617154
58	76	1.98384
58	77	0.621153
58	78	1.9528
58	79	0.657338
58	80	2.09073
59	9	0.609118
59	13	0.81496
59	22	0.664507
59	25	0.593536
59	31	0.603581
59	35	0.584129
59	36	0.642665
59	39	0.620957
59	40	0.648562
59	42	1.80959
59	43	0.5946
59	45	0.607113
59	46	1.51318
59	47	0.606932
59	48	0.629803
59	50	2.51084
59	51	0.611418
59	52	0.623361
59	54	1.64168
59	55	0.625798
59	56	0.61186
59	57	0.632445
59	60	0.646516
59	62	1.8956
59	64	1.99566
59	66	2.04615
59	67	0.640471
59	68	1.88481
59	70	1.77541
59	74	1.85273
59	75	0.621607
59	77	2.02521
59	78	1.86665
60	17	1.93543
60	20	2.17531
60	29	0.553274
60	33	2.30822
60	34	0.589618
60	35	2.31416
60	38	0.58329
60	45	2.08262
60	46	0.605682
60	47	0.56028
60	48	1.93599
60	49	0.558351
60	51	2.0842
60	54	0.585239
60	56	0.565208
60	57	1.8467
60	58	0.642063
60	59	0.646516
60	63	0.619647
60	64	0.606226
60	65	2.09219
60	66	0.602011
60	67	2.16205
60	68	0.612621
60	69	0.610285
60	70	0.644802
60	71	0.614884
60	72	0.594618
60	73	0.611228
60	74	0.620563
60	75	2.05951
60	76	0.611903
60	77	0.578954
60	78	0.63013
60	79	1.95025
60	80	0.62886
61	2	0.528397
61	6	0.490779
61	16	0.598708
61	23	0.566496
61	25	0.579395
61	27	0.653986
61	28	0.574935
61	29	0.585785
61	30	0.601942
61	31	0.58944
61	32	0.597189
61	37	0.607037
61	38	0.615801
61	43	0.580459
61	45	0.592972
61	47	0.592791
61	48	0.615662
61	49	0.590863
61	51	0.597277
61	55	0.611657
61	62	2.1059
61	63	2.09798
61	64	2.20596
61	65	0.616868
61	67	0.626331
61	69	2.13388
61	70	1.98571
61	71	2.12228
61	72	2.36561
61	73	2.17726
61	74	2.06303
61	75	0.607466
61	76	2.10798
61	77	0.611465
61	78	2.07694
61	79	0.64765
61	80	2.21487
62	13	0.775584
62	15	0.576439
62	20	0.559667
62	21	0.55817
62	23	0.541261
62	24	0.59178
62	31	0.564206
62	37	0.581802
62	39	0.581582
62	40	0.609187
62	41	0.535466
62	42	0.584469
62	46	0.612958
62	47	0.567557
62	48	0.590428
62	49	0.565628
62	51	0.572042
62	52	0.583986
62	54	0.592515
62	56	0.572484
62	57	0.59307
62	59	1.8956
62	61	2.1059
62	64	2.32021
62	65	0.591634
62	66	2.3707
62	67	0.601096
62	68	2.20936
62	69	2.24813
62	70	2.09996
62	71	2.23653
62	73	2.29151
62	74	2.17728
62	75	0.582231
62	76	2.22224
62	77	0.58623
62	78	2.1912
62	79	0.622415
63	7	0.47946
63	9	0.58225
63	19	0.587901
63	20	0.572174
63	21	0.570678
63	30	0.589215
63	32	0.584462
63	33	0.560318
63	36	0.615797
63	39	0.594089
63	43	0.567732
63	45	0.580245
63	48	0.602935
63	49	0.578135
63	50	0.553808
63	51	0.584549
63	53	0.628752
63	54	0.605023
63	56	0.584991
63	57	0.605577
63	58	1.97383
63	60	0.619647
63	61	2.09798
63	65	0.604141
63	66	2.36277
63	67	0.613603
63	68	2.20144
63	69	2.24021
63	70	2.09204
63	71	2.22861
63	73	2.28359
63	74	2.16936
63	75	0.594739
63	76	2.21431
63	77	0.598738
63	78	2.18327
63	79	0.634923
63	80	2.32121
64	8	0.659664
64	15	0.575525
64	17	0.580733
64	20	0.558753
64	21	0.557256
64	32	0.571041
64	33	0.546897
64	35	0.54384
64	36	0.602376
64	37	0.580888
64	41	0.534552
64	42	0.583555
64	44	0.582453
64	49	0.564714
64	50	0.540387
64	51	0.571128
64	52	0.583072
64	53	0.615331
64	54	0.591602
64	55	0.585508
64	57	0.592156
64	58	2.08181
64	59	1.99566
64	60	0.606226
64	61	2.20596
64	62	2.32021
64	65	0.59072
64	67	0.600182
64	68	2.30942
64	69	2.34819
64	70	2.20002
64	71	2.33659
64	73	2.39157
64	74	2.27734
64	75	0.581317
64	76	2.32229
64	77	0.585316
64	78	2.29126
64	79	0.621501
65	17	2.16588
65	21	0.535388
65	22	0.602349
65	24	0.568997
65	32	0.549172
65	33	0.525028
65	34	0.574112
65	35	2.54461
65	38	0.567784
65	39	2.21005
65	40	1.97316
65	41	0.512684
65	42	0.561687
65	45	0.544955
65	49	2.44094
65	52	2.22985
65	53	0.593462
65	54	0.569733
65	56	2.26302
65	57	2.07715
65	58	0.626556
65	60	2.09219
65	61	0.616868
65	62	0.591634
65	63	0.604141
65	64	0.59072
65	66	0.586504
65	67	2.3925
65	68	0.597114
65	69	0.594778
65	71	0.599378
65	72	0.579112
65	73	0.595722
65	75	2.28996
65	76	0.596396
65	77	2.401
65	78	0.614624
65	79	0.599633
65	80	0.613354
66	20	0.554537
66	25	0.549031
66	26	0.551621
66	28	0.544571
66	29	0.555421
66	33	0.542681
66	34	0.591765
66	36	0.598161
66	38	0.585437
66	39	0.576452
66	40	0.604058
66	42	0.57934
66	44	0.578238
66	46	0.607829
66	47	0.562427
66	49	0.560499
66	50	0.536171
66	51	0.566913
66	52	0.578856
66	54	0.587386
66	55	0.581293
66	56	0.567355
66	58	2.1323
66	59	2.04615
66	60	0.602011
66	62	2.3707
66	63	2.36277
66	65	0.586504
66	67	0.595967
66	68	2.3599
66	69	2.39867
66	70	2.25051
66	71	2.38708
66	73	2.44206
66	74	2.32783
66	75	0.577102
66	76	2.37278
66	77	0.581101
66	78	2.34174
66	79	0.617286
67	3	0.478531
67	8	1.80569
67	13	1.3667
67	22	1.89495
67	23	0.52794
67	24	0.578459
67	28	2.43455
67	32	0.558634
67	33	0.53449
67	34	2.06221
67	42	0.571149
67	44	2.36777
67	46	0.599637
67	47	2.62263
67	51	0.558721
67	53	2.43897
67	54	0.579195
67	56	0.559163
67	57	2.14702
67	58	0.636019
67	59	0.640471
67	60	2.16205
67	61	0.626331
67	62	0.601096
67	63	0.613603
67	64	0.600182
67	65	2.3925
67	66	0.595967
67	68	0.606577
67	69	0.604241
67	70	0.638758
67	71	0.60884
67	72	0.588574
67	73	0.605184
67	74	0.614519
67	75	2.35983
67	76	0.605859
67	77	0.57291
67	78	0.624086
67	79	0.609095
67	80	2.45023
68	4	0.762064
68	15	0.581919
68	27	0.634232
68	28	0.555181
68	29	0.566031
68	31	0.569686
68	32	0.577435
68	34	0.602375
68	35	0.550234
68	37	0.587283
68	38	0.596047
68	41	0.540947
68	42	0.58995
68	43	0.560705
68	44	0.588848
68	45	0.573218
68	47	0.573037
68	48	0.595908
68	50	0.546781
68	52	0.589466
68	53	0.621726
68	54	0.597996
68	55	0.591903
68	57	0.59855
68	58	1.97096
68	59	1.88481
68	60	0.612621
68	62	2.20936
68	63	2.20144
68	64	2.30942
68	65	0.597114
68	66	2.3599
68	67	0.606577
68	69	2.23734
68	70	2.08917
68	71	2.22574
68	73	2.28072
68	74	2.16649
68	75	0.587712
68	76	2.21144
68	77	0.591711
68	78	2.1804
68	79	0.627896
68	80	2.31834
69	4	0.759728
69	5	0.484004
69	15	0.579583
69	18	0.598279
69	20	0.562811
69	23	0.544406
69	28	0.552845
69	30	0.579852
69	34	0.600039
69	38	0.593711
69	40	0.612331
69	41	0.538611
69	44	0.586512
69	45	0.570882
69	47	0.570701
69	48	0.593572
69	49	0.568772
69	50	0.544445
69	51	0.575187
69	52	0.58713
69	53	0.61939
69	54	0.59566
69	55	0.589567
69	56	0.575629
69	57	0.596214
69	58	2.00973
69	60	0.610285
69	61	2.13388
69	62	2.24813
69	63	2.24021
69	64	2.34819
69	65	0.594778
69	66	2.39867
69	67	0.604241
69	68	2.23734
69	70	2.12794
69	71	2.26451
69	73	2.31949
69	74	2.20526
69	75	0.585376
69	76	2.25021
69	77	0.589375
69	78	2.21918
69	79	0.62556
69	80	2.35711
70	1	0.523744
70	3	0.529514
70	5	0.518522
70	10	0.575922
70	14	0.559594
70	16	0.611136
70	25	0.591823
70	26	0.594413
70	27	0.666413
70	33	0.585473
70	36	0.640952
70	37	0.619465
70	39	0.619244
70	41	0.573129
70	43	0.592887
70	44	0.62103
70	45	0.6054
70	46	0.65062
70	49	0.60329
70	50	0.578963
70	52	0.621648
70	53	0.653907
70	55	0.624085
70	56	0.610146
70	57	0.630732
70	58	1.86157
70	59	1.77541
70	60	0.644802
70	61	1.98571
70	62	2.09996
70	63	2.09204
70	64	2.20002
70	66	2.25051
70	67	0.638758
70	68	2.08917
70	69	2.12794
70	71	2.11635
70	72	2.35967
70	73	2.17132
70	74	2.05709
70	75	0.619894
70	76	2.10205
70	77	0.623893
70	78	2.07101
70	79	0.660078
71	2	0.510907
71	7	0.474697
71	9	0.577486
71	12	0.692899
71	15	0.584183
71	17	0.589391
71	18	0.602878
71	24	0.599524
71	25	0.561905
71	30	0.584452
71	33	0.555555
71	35	0.552498
71	36	0.611034
71	37	0.589547
71	40	0.616931
71	42	0.592214
71	43	0.562969
71	45	0.575482
71	48	0.598172
71	49	0.573372
71	51	0.579786
71	52	0.59173
71	54	0.60026
71	55	0.594167
71	56	0.580228
71	58	1.99814
71	60	0.614884
71	61	2.12228
71	62	2.23653
71	63	2.22861
71	64	2.33659
71	65	0.599378
71	66	2.38708
71	67	0.60884
71	68	2.22574
71	69	2.26451
71	70	2.11635
71	72	2.49624
71	73	2.30789
71	74	2.19366
71	75	0.589975
71	76	2.23862
71	77	0.593975
71	78	2.20758
71	79	0.63016
72	2	2.62196
72	6	0.453023
72	10	0.525738
72	11	0.517945
72	13	0.763062
72	16	2.23847
72	22	0.61261
72	24	0.579258
72	26	0.544228
72	27	2.00076
72	29	0.548028
72	30	0.564186
72	31	0.551684
72	33	0.535289
72	34	0.584372
72	35	0.532232
72	36	2.24938
72	38	2.536
72	41	0.522944
72	42	0.571947
72	43	2.5707
72	44	0.570845
72	45	0.555215
72	47	0.555035
72	48	0.577906
72	49	0.553106
72	51	0.55952
72	52	0.571464
72	53	0.603723
72	54	0.579993
72	56	0.559962
72	57	0.580548
72	60	0.594618
72	61	2.36561
72	65	0.579112
72	67	0.588574
72	70	2.35967
72	71	2.49624
72	73	2.55122
72	74	2.43699
72	75	0.569709
72	76	2.48194
72	77	0.573708
72	78	2.4509
72	79	0.609893
73	6	0.469633
73	11	0.534555
73	27	0.632839
73	30	0.580796
73	31	0.568294
73	32	0.576043
73	33	0.551899
73	34	0.600983
73	35	0.548842
73	38	0.594654
73	39	0.58567
73	41	0.539554
73	42	0.588557
73	43	0.559313
73	44	0.587455
73	45	0.571825
73	46	0.617046
73	47	0.571645
73	48	0.594516
73	50	0.545389
73	52	0.588074
73	53	0.620333
73	54	0.596604
73	55	0.59051
73	56	0.576572
73	57	0.597158
73	58	2.05312
73	60	0.611228
73	61	2.17726
73	62	2.29151
73	63	2.28359
73	64	2.39157
73	65	0.595722
73	66	2.44206
73	67	0.605184
73	68	2.28072
73	69	2.31949
73	70	2.17132
73	71	2.30789
73	72	2.55122
73	74	2.24864
73	75	0.586319
73	76	2.2936
73	77	0.590318
73	78	2.26256
73	79	0.626504
74	11	0.54389
74	16	0.586897
74	17	0.59507
74	19	0.588817
74	20	0.57309
74	21	0.571594
74	25	0.567584
74	26	0.570174
74	27	0.642174
74	28	0.563124
74	30	0.590131
74	34	0.610318
74	37	0.595226
74	39	0.595005
74	40	0.62261
74	41	0.54889
74	44	0.596791
74	46	0.626381
74	47	0.58098
74	48	0.603851
74	50	0.554724
74	52	0.597409
74	53	0.629668
74	54	0.605939
74	55	0.599846
74	56	0.585907
74	57	0.606493
74	59	1.85273
74	60	0.620563
74	61	2.06303
74	62	2.17728
74	63	2.16936
74	64	2.27734
74	66	2.32783
74	67	0.614519
74	68	2.16649
74	69	2.20526
74	70	2.05709
74	71	2.19366
74	72	2.43699
74	73	2.24864
74	75	0.595655
74	76	2.17937
74	77	0.599654
74	78	2.14833
74	79	0.635839
74	80	2.28626
75	13	0.743399
75	20	2.37308
75	23	2.54338
75	25	2.2102
75	26	0.524565
75	28	2.33201
75	31	0.53202
75	32	0.539769
75	33	2.506
75	34	0.564709
75	35	2.51194
75	40	0.577002
75	42	0.552284
75	43	0.523039
75	44	0.551182
75	45	2.28039
75	46	0.580773
75	48	2.13376
75	51	2.28198
75	52	0.5518
75	53	0.58406
75	54	0.56033
75	55	0.554237
75	57	2.04448
75	58	0.617154
75	59	0.621607
75	60	2.05951
75	61	0.607466
75	62	0.582231
75	63	0.594739
75	64	0.581317
75	65	2.28996
75	66	0.577102
75	67	2.35983
75	68	0.587712
75	69	0.585376
75	70	0.619894
75	71	0.589975
75	72	0.569709
75	73	0.586319
75	74	0.595655
75	76	0.586994
75	77	0.554045
75	78	0.605222
75	79	2.14803
75	80	0.603952
76	1	0.490845
76	8	0.665341
76	14	0.526695
76	16	0.578236
76	17	0.58641
76	18	0.599897
76	19	0.580157
76	21	0.562933
76	22	0.629894
76	24	0.596543
76	25	0.558923
76	26	0.561513
76	27	0.633514
76	29	0.565313
76	31	0.568968
76	33	0.552574
76	35	0.549516
76	36	0.608053
76	38	0.595329
76	40	0.61395
76	44	0.58813
76	46	0.617721
76	51	0.576805
76	53	0.621008
76	54	0.597278
76	55	0.591185
76	57	0.597832
76	58	1.98384
76	60	0.611903
76	61	2.10798
76	62	2.22224
76	63	2.21431
76	64	2.32229
76	65	0.596396
76	66	2.37278
76	67	0.605859
76	68	2.21144
76	69	2.25021
76	70	2.10205
76	71	2.23862
76	72	2.48194
76	73	2.2936
76	74	2.17937
76	75	0.586994
76	77	0.590993
76	78	2.19328
76	79	0.627178
76	80	2.33121
77	12	0.656968
77	14	0.493746
77	17	0.553461
77	21	2.53475
77	22	0.596945
77	23	0.513075
77	24	0.563594
77	28	0.521514
77	29	0.532364
77	31	2.31185
77	34	0.568708
77	35	0.516568
77	38	0.56238
77	39	2.28841
77	40	2.05152
77	41	2.71613
77	42	2.26374
77	43	0.527038
77	46	1.96733
77	49	2.51931
77	50	2.96499
77	52	2.30821
77	53	0.588059
77	54	2.09583
77	56	2.34139
77	57	0.564883
77	58	0.621153
77	59	2.02521
77	60	0.578954
77	61	0.611465
77	62	0.58623
77	63	0.598738
77	64	0.585316
77	65	2.401
77	66	0.581101
77	67	0.57291
77	68	0.591711
77	69	0.589375
77	70	0.623893
77	71	0.593975
77	72	0.573708
77	73	0.590318
77	74	0.599654
77	75	0.554045
77	76	0.590993
77	78	0.609221
77	80	0.607951
78	7	0.489943
78	10	0.56125
78	11	0.553457
78	19	0.598384
78	24	0.61477
78	25	0.577151
78	26	0.579741
78	28	0.572691
78	29	0.58354
78	30	0.599698
78	32	0.594945
78	33	0.570801
78	34	0.619885
78	37	0.604793
78	39	0.604572
78	40	0.632177
78	42	0.60746
78	43	0.578215
78	44	0.606357
78	45	0.590728
78	46	0.635948
78	47	0.590547
78	49	0.588618
78	50	0.564291
78	51	0.595032
78	55	0.609413
78	56	0.595474
78	57	0.61606
78	58	1.9528
78	59	1.86665
78	60	0.63013
78	61	2.07694
78	62	2.1912
78	63	2.18327
78	64	2.29126
78	65	0.614624
78	66	2.34174
78	67	0.624086
78	68	2.1804
78	69	2.21918
78	70	2.07101
78	71	2.20758
78	72	2.4509
78	73	2.26256
78	74	2.14833
78	75	0.605222
78	76	2.19328
78	77	0.609221
78	79	0.645406
78	80	2.30017
79	10	0.546259
79	11	2.3665
79	12	1.38634
79	15	2.03879
79	17	0.589646
79	19	1.96734
79	22	0.633131
79	23	2.43411
79	24	2.02326
79	25	2.10094
79	26	2.32576
79	28	0.557699
79	29	2.22552
79	30	2.24662
79	31	0.572205
79	32	2.11245
79	34	0.604894
79	35	0.552753
79	40	0.617186
79	41	0.543465
79	42	0.592468
79	43	0.563224
79	44	0.591366
79	45	2.17113
79	48	2.0245
79	51	2.17271
79	52	0.591985
79	54	0.600515
79	55	1.95963
79	56	0.580483
79	57	0.601069
79	58	0.657338
79	60	1.95025
79	61	0.64765
79	62	0.622415
79	63	0.634923
79	64	0.621501
79	65	0.599633
79	66	0.617286
79	67	0.609095
79	68	0.627896
79	69	0.62556
79	70	0.660078
79	71	0.63016
79	72	0.609893
79	73	0.626504
79	74	0.635839
79	75	2.14803
79	76	0.627178
79	78	0.645406
79	80	0.644136
80	1	0.507802
80	3	0.513572
80	5	0.50258
80	11	0.552187
80	12	0.706875
80	13	1.35457
80	14	0.543652
80	15	0.598159
80	16	0.595194
80	19	0.597114
80	22	1.88282
80	23	0.562981
80	26	0.578471
80	27	0.650471
80	28	0.571421
80	31	0.585926
80	32	0.593675
80	33	0.569531
80	34	2.05008
80	35	0.566474
80	37	2.30329
80	39	0.603302
80	40	0.630907
80	41	0.557187
80	43	0.576945
80	44	2.35564
80	45	0.589458
80	46	0.634678
80	47	2.6105
80	48	0.612148
80	49	0.587348
80	50	0.563021
80	51	0.593762
80	53	2.42684
80	54	0.614236
80	55	0.608143
80	57	0.61479
80	58	2.09073
80	60	0.62886
80	61	2.21487
80	63	2.32121
80	65	0.613354
80	67	2.45023
80	68	2.31834
80	69	2.35711
80	74	2.28626
80	75	0.603952
80	76	2.33121
80	77	0.607951
80	78	2.30017
80	79	0.644136
