1	46	0.652512
1	70	1.41958
1	73	1.48037
1	75	0.589417
2	25	0.626325
2	58	1.41421
2	61	1.48574
2	78	0.618967
3	44	1.48975
3	59	0.601016
3	74	0.643963
3	78	1.4102
4	30	0.708523
4	33	0.532225
4	70	1.41958
4	73	1.48037
5	45	0.911077
5	46	0.957069
5	72	1.242
5	80	1.0318
6	37	1.15176
6	60	0.749188
6	69	0.81532
6	76	1.25572
6	78	1.23798
7	45	0.819821
7	70	1.16642
7	71	1.25182
7	73	1.22721
7	75	0.741384
8	42	1.44038
8	45	1.4542
8	46	1.50019
8	55	0.663566
8	63	0.619683
8	66	0.603379
9	56	1.46102
9	58	1.43111
9	61	1.50265
9	62	0.641279
9	67	0.590678
9	74	0.654693
10	44	1.13037
10	64	0.878669
10	70	1.00703
10	72	1.08887
10	76	1.06856
10	79	1.10696
11	54	1.30922
11	56	1.27545
11	58	1.24554
11	60	0.713757
11	61	1.31707
11	65	0.712235
11	73	0.783215
12	54	1.30922
12	56	1.27545
12	58	1.24554
12	61	1.31707
12	67	0.710194
12	71	0.726858
12	76	0.772175
13	34	1.07791
13	47	1.12565
13	68	1.04295
13	69	1.04295
13	70	0.971726
13	71	1.05712
13	73	1.03252
14	45	1.22314
14	46	1.26913
14	69	0.711932
14	70	0.793235
14	71	0.704111
14	77	1.32998
14	79	1.32502
15	40	0.727255
15	54	1.30922
15	56	1.27545
15	57	0.728739
15	58	1.24554
15	61	1.31707
15	78	0.753573
16	42	1.42359
16	45	1.4374
16	46	1.48339
16	59	0.646996
16	67	0.625928
16	72	0.605204
16	73	0.65374
16	80	1.55812
17	37	1.06525
17	40	0.900337
17	44	1.23101
17	63	0.824408
17	66	0.808103
17	75	1.22943
17	76	1.1692
17	79	1.20761
18	44	1.21377
18	57	0.881941
18	65	0.771966
18	74	0.87915
18	75	1.21219
18	76	1.15196
18	78	1.13422
18	79	1.19036
19	53	0.712077
19	56	0.74132
19	68	1.34552
19	69	1.34552
19	70	1.2743
19	71	1.3597
19	73	1.33509
19	77	0.713134
19	80	0.683869
20	37	1.22032
20	40	0.719377
20	44	1.38609
20	50	0.661641
20	70	0.759842
20	74	0.718069
20	75	1.38451
20	78	1.30654
20	79	1.36268
21	44	0.657144
21	53	1.35036
21	54	1.34984
21	56	1.31607
21	58	1.28616
21	61	1.3577
21	64	0.652525
21	70	0.780887
21	78	0.76674
22	42	1.16257
22	45	1.17638
22	46	1.22237
22	59	0.766544
22	73	0.773288
22	76	0.807457
22	77	1.28322
22	78	0.837117
22	79	1.27826
22	80	1.29711
23	42	1.16207
23	45	1.17588
23	46	1.22188
23	50	0.797759
23	55	0.823449
23	60	0.748525
23	69	0.814657
23	75	1.29959
23	77	1.28272
23	79	1.27776
24	49	1.31634
24	50	0.735725
24	51	1.31634
24	53	1.28081
24	54	1.28029
24	56	1.24652
24	57	0.794945
24	58	1.21661
24	61	1.28814
24	71	0.744803
24	78	0.81978
24	79	0.742393
25	2	0.626325
25	51	0.850655
25	56	0.923302
25	62	1.1855
25	63	1.22296
25	67	1.26044
25	68	1.22174
25	69	1.22174
25	70	1.15052
25	71	1.23591
25	73	1.21131
25	79	0.891791
25	80	0.865852
26	42	1.2274
26	45	1.24121
26	46	1.2872
26	66	0.676929
26	69	0.728325
26	70	0.809627
26	71	0.720503
26	74	1.30288
26	75	1.36491
26	76	0.76582
26	77	1.34804
26	78	0.795481
26	79	1.34309
26	80	1.36194
27	35	1.30014
27	37	1.11144
27	39	1.37761
27	44	1.27721
27	57	0.844492
27	58	0.837907
27	62	0.828287
27	63	0.767079
27	67	0.777686
27	72	1.23571
27	75	1.27563
27	76	1.2154
27	78	1.19766
27	79	1.2538
27	80	0.766001
28	34	1.1455
28	35	1.17286
28	37	0.984166
28	39	1.25033
28	44	1.14993
28	63	0.950628
28	64	0.93866
28	68	0.958363
28	72	1.10843
28	74	1.02525
28	75	1.14835
28	76	1.08812
28	78	1.07038
28	79	1.12652
28	80	0.94955
29	47	1.25261
29	48	1.25261
29	49	1.21693
29	51	1.21693
29	52	0.884995
29	53	1.1814
29	54	1.18088
29	56	1.14711
29	58	1.1172
29	61	1.18873
29	65	0.790017
29	68	0.830314
29	69	0.85767
29	74	0.8972
29	76	0.895166
29	80	1.25945
30	4	0.708523
30	32	1.14795
30	42	1.12714
30	43	0.92999
30	45	1.14095
30	46	1.18694
30	54	0.896489
30	57	1.1913
30	65	0.846974
30	66	0.863231
30	71	0.906806
30	74	1.20262
30	75	1.26466
30	77	1.24779
30	79	1.24283
30	80	1.26168
31	41	1.31056
31	47	1.33254
31	48	1.33254
31	49	1.29686
31	51	1.29686
31	53	1.26133
31	54	1.26081
31	56	1.22704
31	57	0.820549
31	58	1.19713
31	60	0.712096
31	61	1.26866
31	62	0.804345
31	65	0.710574
31	69	0.778228
31	76	0.815724
31	78	0.845384
32	30	1.14795
32	33	1.30216
32	39	0.719746
32	42	1.1538
32	45	1.16761
32	46	1.2136
32	50	0.860017
32	57	1.21795
32	63	0.841824
32	64	0.829856
32	68	0.849559
32	72	0.831706
32	73	0.880242
32	74	1.22928
32	75	1.29131
32	77	1.27444
32	79	1.26948
32	80	1.28833
33	4	0.532225
33	32	1.30216
33	42	1.28135
33	45	1.29516
33	46	1.34115
33	55	0.747121
33	57	1.3455
33	61	0.710459
33	67	0.713844
33	68	0.710973
33	70	0.819632
33	74	1.35683
33	75	1.41886
33	76	0.775825
33	77	1.40199
33	78	0.805485
33	79	1.39703
33	80	1.41588
34	13	1.07791
34	28	1.1455
34	35	1.42968
34	37	1.24098
34	39	1.50715
34	44	1.40675
34	50	0.65892
34	57	0.718139
34	59	0.672401
34	66	0.624422
34	72	1.36525
34	73	0.679145
34	74	0.715348
34	75	1.40516
34	76	1.34493
34	77	0.668913
34	78	1.32719
34	79	1.38334
35	27	1.30014
35	28	1.17286
35	34	1.42968
35	37	1.26834
35	39	1.53451
35	44	1.43411
35	50	0.70525
35	57	0.76447
35	59	0.718731
35	64	0.675089
35	66	0.670752
35	68	0.694792
35	70	0.803451
35	72	1.39261
35	74	0.761678
35	75	1.43253
35	76	1.3723
35	78	1.35456
35	79	1.4107
35	80	0.685979
36	40	0.809363
36	41	1.30295
36	47	1.32492
36	48	1.32492
36	49	1.28925
36	50	0.751627
36	51	1.28925
36	53	1.25372
36	54	1.2532
36	55	0.777317
36	56	1.21942
36	58	1.18951
36	61	1.26105
36	62	0.794642
36	70	0.849828
36	71	0.760704
36	72	1.29483
36	74	0.808055
36	77	1.31788
36	78	0.835681
36	79	0.758295
36	80	1.33177
37	6	1.15176
37	17	1.06525
37	20	1.22032
37	27	1.11144
37	28	0.984166
37	34	1.24098
37	35	1.26834
37	39	1.34581
37	43	0.93217
37	44	1.24541
37	55	0.925599
37	61	0.888937
37	64	0.869748
37	65	0.849154
37	66	0.865411
37	67	0.892323
37	72	1.20391
37	73	0.920134
37	75	1.24383
37	76	1.1836
37	78	1.16586
37	79	1.222
38	41	1.30295
38	47	1.32492
38	48	1.32492
38	49	1.28925
38	51	1.28925
38	53	1.25372
38	54	1.2532
38	56	1.21942
38	58	1.18951
38	59	0.799238
38	60	0.736524
38	61	1.26105
38	64	0.755596
38	67	0.77817
38	68	0.775299
38	72	1.29483
38	73	0.805982
38	75	0.784029
38	76	0.840151
38	77	1.31788
38	78	0.869811
38	80	1.33177
39	27	1.37761
39	28	1.25033
39	32	0.719746
39	34	1.50715
39	35	1.53451
39	37	1.34581
39	44	1.51158
39	57	0.712659
39	62	0.696454
39	64	0.623278
39	66	0.618941
39	67	0.645853
39	69	0.670337
39	70	0.75164
39	72	1.47008
39	74	0.709868
39	75	1.51
39	76	1.44977
39	77	0.663433
39	78	1.43203
39	79	1.48817
40	15	0.727255
40	17	0.900337
40	20	0.719377
40	36	0.809363
40	44	0.825905
40	48	0.789445
40	51	0.816979
40	52	1.17623
40	55	1.23552
40	59	1.27683
40	60	1.31818
40	62	1.23043
40	63	1.26789
40	64	1.28971
40	65	1.28971
40	66	1.32904
40	67	1.30537
40	68	1.26668
40	69	1.26668
40	70	1.19545
40	71	1.28085
40	72	0.823136
40	73	1.25624
40	77	0.86144
40	79	0.858115
41	31	1.31056
41	36	1.30295
41	38	1.30295
41	46	0.8145
41	47	1.36639
41	48	1.36639
41	49	1.33071
41	51	1.33071
41	52	0.797356
41	53	1.29518
41	54	1.29467
41	55	0.778823
41	56	1.26089
41	57	0.812352
41	58	1.23098
41	60	0.703899
41	61	1.30252
41	64	0.722972
41	65	0.702377
41	68	0.742674
41	72	1.3363
41	76	0.807527
41	77	1.35935
41	78	0.837187
41	79	0.759801
41	80	1.37324
42	8	1.44038
42	16	1.42359
42	22	1.16257
42	23	1.16207
42	26	1.2274
42	30	1.12714
42	32	1.1538
42	33	1.28135
42	45	1.1468
42	46	1.19279
42	50	0.822447
42	54	0.821207
42	55	0.848137
42	57	1.19714
42	62	0.865462
42	65	0.771692
42	67	0.81486
42	70	0.920648
42	71	0.831524
42	74	1.20846
42	75	1.2705
42	76	0.876841
42	77	1.25363
42	78	0.906501
42	79	1.24867
42	80	1.26752
43	30	0.92999
43	37	0.93217
43	44	0.80043
43	46	0.887339
43	50	1.23054
43	52	1.14612
43	53	0.834908
43	55	1.20541
43	59	1.24673
43	60	1.28807
43	61	0.815
43	62	1.20033
43	63	1.23779
43	64	1.2596
43	65	1.2596
43	66	1.29894
43	67	1.27527
43	68	1.23657
43	69	1.23657
43	70	1.16535
43	71	1.25075
43	72	0.79766
43	73	1.22614
43	75	0.824243
43	77	0.835965
43	80	0.8067
44	3	1.48975
44	10	1.13037
44	17	1.23101
44	18	1.21377
44	20	1.38609
44	21	0.657144
44	27	1.27721
44	28	1.14993
44	34	1.40675
44	35	1.43411
44	37	1.24541
44	39	1.51158
44	40	0.825905
44	43	0.80043
44	48	0.706167
44	56	0.806348
44	60	0.718936
44	66	0.733671
44	68	0.757711
44	69	0.785067
44	71	0.777246
44	72	1.36968
44	74	0.824597
44	75	1.4096
44	76	1.34937
44	78	1.33163
44	79	1.38777
44	80	0.748898
45	5	0.911077
45	7	0.819821
45	8	1.4542
45	14	1.22314
45	16	1.4374
45	22	1.17638
45	23	1.17588
45	26	1.24121
45	30	1.14095
45	32	1.16761
45	33	1.29516
45	42	1.1468
45	46	1.2066
45	49	0.848769
45	51	0.835952
45	52	0.914643
45	57	1.21095
45	59	0.883901
45	62	0.913435
45	63	0.852227
45	65	0.819665
45	68	0.859962
45	69	0.887318
45	72	0.842109
45	74	1.22228
45	75	1.28431
45	77	1.26744
45	79	1.26248
45	80	1.28133
46	1	0.652512
46	5	0.957069
46	8	1.50019
46	14	1.26913
46	16	1.48339
46	22	1.22237
46	23	1.22188
46	26	1.2872
46	30	1.18694
46	32	1.2136
46	33	1.34115
46	41	0.8145
46	42	1.19279
46	43	0.887339
46	45	1.2066
46	47	0.768031
46	48	0.793076
46	50	0.855078
46	54	0.853838
46	57	1.25695
46	59	0.86856
46	60	0.805845
46	66	0.82058
46	67	0.847492
46	68	0.84462
46	74	1.26827
46	75	1.3303
46	77	1.31344
46	79	1.30848
46	80	1.32733
47	13	1.12565
47	29	1.25261
47	31	1.33254
47	36	1.32492
47	38	1.32492
47	41	1.36639
47	46	0.768031
47	48	1.38836
47	49	1.35269
47	51	1.35269
47	53	1.31716
47	54	1.31664
47	55	0.732353
47	56	1.28286
47	57	0.765883
47	58	1.25295
47	59	0.720145
47	61	1.32449
47	62	0.749678
47	63	0.68847
47	64	0.676502
47	66	0.672165
47	67	0.699077
47	72	1.35827
47	76	0.761057
47	77	1.38132
47	78	0.790717
47	80	1.39521
48	29	1.25261
48	31	1.33254
48	36	1.32492
48	38	1.32492
48	40	0.789445
48	41	1.36639
48	44	0.706167
48	46	0.793076
48	47	1.38836
48	49	1.35269
48	50	0.731709
48	51	1.35269
48	53	1.31716
48	54	1.31664
48	55	0.757399
48	56	1.28286
48	58	1.25295
48	61	1.32449
48	62	0.774724
48	63	0.713515
48	71	0.740786
48	72	1.35827
48	73	0.751934
48	74	0.788137
48	76	0.786103
48	77	1.38132
48	78	0.815763
48	80	1.39521
49	24	1.31634
49	29	1.21693
49	31	1.29686
49	36	1.28925
49	38	1.28925
49	41	1.33071
49	45	0.848769
49	47	1.35269
49	48	1.35269
49	51	1.31701
49	52	0.816282
49	53	1.28148
49	54	1.28096
49	56	1.24719
49	58	1.21728
49	59	0.785541
49	60	0.722826
49	61	1.28881
49	63	0.753866
49	65	0.721304
49	68	0.761601
49	72	1.32259
49	73	0.792284
49	74	0.828488
49	75	0.770331
49	76	0.826453
49	77	1.34564
49	78	0.856114
49	80	1.35953
50	20	0.661641
50	23	0.797759
50	24	0.735725
50	32	0.860017
50	34	0.65892
50	35	0.70525
50	36	0.751627
50	42	0.822447
50	43	1.23054
50	46	0.855078
50	48	0.731709
50	52	1.25014
50	55	1.30943
50	59	1.35074
50	60	1.39209
50	61	0.782739
50	62	1.30435
50	63	1.3418
50	64	1.36362
50	65	1.36362
50	66	1.40295
50	67	1.37929
50	68	1.34059
50	69	1.34059
50	70	1.26936
50	71	1.35476
50	73	1.33015
50	80	0.774439
51	24	1.31634
51	25	0.850655
51	29	1.21693
51	31	1.29686
51	36	1.28925
51	38	1.28925
51	40	0.816979
51	41	1.33071
51	45	0.835952
51	47	1.35269
51	48	1.35269
51	49	1.31701
51	52	0.803465
51	53	1.28148
51	54	1.28096
51	56	1.24719
51	58	1.21728
51	60	0.710009
51	61	1.28881
51	62	0.802257
51	64	0.729082
51	65	0.708487
51	69	0.776141
51	70	0.857444
51	72	1.32259
51	73	0.779468
51	76	0.813637
51	77	1.34564
51	80	1.35953
52	29	0.884995
52	40	1.17623
52	41	0.797356
52	43	1.14612
52	45	0.914643
52	49	0.816282
52	50	1.25014
52	51	0.803465
52	53	0.84687
52	54	0.836693
52	55	1.22502
52	58	0.890568
52	59	1.26633
52	60	1.30768
52	62	1.21993
52	63	1.25739
52	64	1.27921
52	65	1.27921
52	66	1.31854
52	67	1.29488
52	68	1.25618
52	69	1.25618
52	70	1.18495
52	71	1.27035
52	73	1.24574
52	75	0.836206
52	76	1.22664
52	77	0.847927
52	78	1.2089
52	79	0.844601
52	80	0.818662
53	19	0.712077
53	21	1.35036
53	24	1.28081
53	29	1.1814
53	31	1.26133
53	36	1.25372
53	38	1.25372
53	41	1.29518
53	43	0.834908
53	47	1.31716
53	48	1.31716
53	49	1.28148
53	51	1.28148
53	52	0.84687
53	54	1.24543
53	55	0.828337
53	56	1.21166
53	58	1.18175
53	59	0.816129
53	60	0.753414
53	61	1.25328
53	63	0.784454
53	70	0.900848
53	72	1.28706
53	73	0.822872
53	74	0.859076
53	75	0.80092
53	76	0.857041
53	77	1.31011
53	80	1.324
54	11	1.30922
54	12	1.30922
54	15	1.30922
54	21	1.34984
54	24	1.28029
54	29	1.18088
54	30	0.896489
54	31	1.26081
54	36	1.2532
54	38	1.2532
54	41	1.29467
54	42	0.821207
54	46	0.853838
54	47	1.31664
54	48	1.31664
54	49	1.28096
54	51	1.28096
54	52	0.836693
54	53	1.24543
54	56	1.21114
54	57	0.85169
54	58	1.18123
54	61	1.25277
54	63	0.774277
54	65	0.741715
54	66	0.757973
54	68	0.782012
54	69	0.809369
54	71	0.801547
54	72	1.28655
54	74	0.848899
54	76	0.846864
54	77	1.3096
54	78	0.876525
54	80	1.32349
55	8	0.663566
55	23	0.823449
55	33	0.747121
55	36	0.777317
55	37	0.925599
55	40	1.23552
55	41	0.778823
55	42	0.848137
55	43	1.20541
55	47	0.732353
55	48	0.757399
55	50	1.30943
55	52	1.22502
55	53	0.828337
55	56	0.85758
55	59	1.32562
55	60	1.36697
55	62	1.27922
55	63	1.31668
55	64	1.3385
55	65	1.3385
55	66	1.37783
55	67	1.35417
55	68	1.31547
55	69	1.31547
55	70	1.24424
55	71	1.32964
55	72	0.791089
55	73	1.30503
55	74	1.28413
55	75	0.817673
55	76	1.28593
55	78	1.26819
55	80	0.800129
56	9	1.46102
56	11	1.27545
56	12	1.27545
56	15	1.27545
56	19	0.74132
56	21	1.31607
56	24	1.24652
56	25	0.923302
56	29	1.14711
56	31	1.22704
56	36	1.21942
56	38	1.21942
56	41	1.26089
56	44	0.806348
56	47	1.28286
56	48	1.28286
56	49	1.24719
56	51	1.24719
56	53	1.21166
56	54	1.21114
56	55	0.85758
56	57	0.891109
56	58	1.14746
56	60	0.782657
56	61	1.21899
56	62	0.874905
56	64	0.801729
56	68	0.821432
56	71	0.840967
56	72	1.25277
56	73	0.852115
56	76	0.886284
56	77	1.27582
56	78	0.915944
56	79	0.838558
56	80	1.28971
57	15	0.728739
57	18	0.881941
57	24	0.794945
57	27	0.844492
57	30	1.1913
57	31	0.820549
57	32	1.21795
57	33	1.3455
57	34	0.718139
57	35	0.76447
57	39	0.712659
57	41	0.812352
57	42	1.19714
57	45	1.21095
57	46	1.25695
57	47	0.765883
57	54	0.85169
57	56	0.891109
57	58	0.905565
57	61	0.841958
57	62	1.26772
57	63	1.30518
57	64	1.32699
57	65	1.32699
57	66	1.36633
57	67	1.34266
57	68	1.30396
57	69	1.30396
57	70	1.23274
57	71	1.31814
57	72	0.824619
57	73	1.29353
57	74	1.27262
57	75	1.33466
57	77	1.31779
57	79	1.31283
57	80	1.33168
58	2	1.41421
58	9	1.43111
58	11	1.24554
58	12	1.24554
58	15	1.24554
58	21	1.28616
58	24	1.21661
58	27	0.837907
58	29	1.1172
58	31	1.19713
58	36	1.18951
58	38	1.18951
58	41	1.23098
58	47	1.25295
58	48	1.25295
58	49	1.21728
58	51	1.21728
58	52	0.890568
58	53	1.18175
58	54	1.18123
58	56	1.14746
58	57	0.905565
58	61	1.18908
58	62	0.88936
58	63	0.828152
58	65	0.79559
58	67	0.838759
58	69	0.863243
58	70	0.944546
58	71	0.855422
58	72	1.22286
58	73	0.86657
58	74	0.902774
58	76	0.900739
58	77	1.24591
58	79	0.853013
58	80	1.2598
59	3	0.601016
59	16	0.646996
59	22	0.766544
59	34	0.672401
59	35	0.718731
59	38	0.799238
59	40	1.27683
59	43	1.24673
59	45	0.883901
59	46	0.86856
59	47	0.720145
59	49	0.785541
59	50	1.35074
59	52	1.26633
59	53	0.816129
59	55	1.32562
59	60	1.40828
59	61	0.79622
59	62	1.32054
59	63	1.358
59	64	1.37981
59	65	1.37981
59	66	1.41914
59	67	1.39548
59	68	1.35678
59	69	1.35678
59	70	1.28556
59	71	1.37095
59	72	0.778881
59	73	1.34635
59	74	1.32544
59	76	1.32724
59	77	0.817185
59	78	1.3095
59	79	0.81386
60	6	0.749188
60	11	0.713757
60	23	0.748525
60	31	0.712096
60	38	0.736524
60	40	1.31818
60	41	0.703899
60	43	1.28807
60	44	0.718936
60	46	0.805845
60	49	0.722826
60	50	1.39209
60	51	0.710009
60	52	1.30768
60	53	0.753414
60	55	1.36697
60	56	0.782657
60	59	1.40828
60	62	1.36188
60	63	1.39934
60	64	1.42116
60	65	1.42116
60	66	1.46049
60	67	1.43682
60	68	1.39813
60	69	1.39813
60	70	1.3269
60	71	1.4123
60	72	0.716166
60	73	1.38769
60	74	1.36678
60	75	0.742749
60	76	1.36859
60	77	0.754471
60	78	1.35085
60	79	0.751145
61	2	1.48574
61	9	1.50265
61	11	1.31707
61	12	1.31707
61	15	1.31707
61	21	1.3577
61	24	1.28814
61	29	1.18873
61	31	1.26866
61	33	0.710459
61	36	1.26105
61	37	0.888937
61	38	1.26105
61	41	1.30252
61	43	0.815
61	47	1.32449
61	48	1.32449
61	49	1.28881
61	50	0.782739
61	51	1.28881
61	53	1.25328
61	54	1.25277
61	56	1.21899
61	57	0.841958
61	58	1.18908
61	59	0.79622
61	64	0.752578
61	66	0.748241
61	69	0.799637
61	71	0.791816
61	72	1.2944
61	73	0.802964
61	74	0.839167
61	75	0.781011
61	76	0.837133
61	77	1.31745
61	78	0.866793
61	79	0.789407
61	80	1.33134
62	9	0.641279
62	25	1.1855
62	27	0.828287
62	31	0.804345
62	36	0.794642
62	39	0.696454
62	40	1.23043
62	42	0.865462
62	43	1.20033
62	45	0.913435
62	47	0.749678
62	48	0.774724
62	50	1.30435
62	51	0.802257
62	52	1.21993
62	55	1.27922
62	56	0.874905
62	57	1.26772
62	58	0.88936
62	59	1.32054
62	60	1.36188
62	63	1.3116
62	64	1.33341
62	65	1.33341
62	66	1.37275
62	67	1.34908
62	68	1.31038
62	69	1.31038
62	70	1.23916
62	71	1.32456
62	73	1.29995
62	74	1.27904
62	75	0.834998
62	76	1.28085
62	77	0.846719
62	78	1.26311
62	79	0.843393
63	8	0.619683
63	17	0.824408
63	25	1.22296
63	27	0.767079
63	28	0.950628
63	32	0.841824
63	40	1.26789
63	43	1.23779
63	45	0.852227
63	47	0.68847
63	48	0.713515
63	49	0.753866
63	50	1.3418
63	52	1.25739
63	53	0.784454
63	54	0.774277
63	55	1.31668
63	57	1.30518
63	58	0.828152
63	59	1.358
63	60	1.39934
63	62	1.3116
63	64	1.37087
63	65	1.37087
63	66	1.4102
63	67	1.38654
63	68	1.34784
63	69	1.34784
63	70	1.27662
63	71	1.36201
63	73	1.33741
63	74	1.3165
63	75	0.773789
63	76	1.3183
63	77	0.78551
63	78	1.30056
63	79	0.782185
63	80	0.756246
64	10	0.878669
64	21	0.652525
64	28	0.93866
64	32	0.829856
64	35	0.675089
64	37	0.869748
64	38	0.755596
64	39	0.623278
64	40	1.28971
64	41	0.722972
64	43	1.2596
64	47	0.676502
64	50	1.36362
64	51	0.729082
64	52	1.27921
64	55	1.3385
64	56	0.801729
64	57	1.32699
64	59	1.37981
64	60	1.42116
64	61	0.752578
64	62	1.33341
64	63	1.37087
64	65	1.39269
64	66	1.43202
64	67	1.40836
64	68	1.36966
64	69	1.36966
64	70	1.29843
64	71	1.38383
64	72	0.735239
64	73	1.35922
64	74	1.33832
64	76	1.34012
64	77	0.773543
64	78	1.32238
64	80	0.744278
65	11	0.712235
65	18	0.771966
65	29	0.790017
65	30	0.846974
65	31	0.710574
65	37	0.849154
65	40	1.28971
65	41	0.702377
65	42	0.771692
65	43	1.2596
65	45	0.819665
65	49	0.721304
65	50	1.36362
65	51	0.708487
65	52	1.27921
65	54	0.741715
65	55	1.3385
65	57	1.32699
65	58	0.79559
65	59	1.37981
65	60	1.42116
65	62	1.33341
65	63	1.37087
65	64	1.39269
65	66	1.43202
65	67	1.40836
65	68	1.36966
65	69	1.36966
65	70	1.29843
65	71	1.38383
65	73	1.35922
65	74	1.33832
65	75	0.741227
65	76	1.34012
65	77	0.752949
65	78	1.32238
65	80	0.723684
66	8	0.603379
66	17	0.808103
66	26	0.676929
66	30	0.863231
66	34	0.624422
66	35	0.670752
66	37	0.865411
66	39	0.618941
66	40	1.32904
66	43	1.29894
66	44	0.733671
66	46	0.82058
66	47	0.672165
66	50	1.40295
66	52	1.31854
66	54	0.757973
66	55	1.37783
66	57	1.36633
66	59	1.41914
66	60	1.46049
66	61	0.748241
66	62	1.37275
66	63	1.4102
66	64	1.43202
66	65	1.43202
66	67	1.44769
66	68	1.40899
66	69	1.40899
66	70	1.33776
66	71	1.42316
66	73	1.39855
66	74	1.37765
66	75	0.757485
66	76	1.37945
66	77	0.769206
66	78	1.36171
66	79	0.765881
66	80	0.739942
67	9	0.590678
67	12	0.710194
67	16	0.625928
67	25	1.26044
67	27	0.777686
67	33	0.713844
67	37	0.892323
67	38	0.77817
67	39	0.645853
67	40	1.30537
67	42	0.81486
67	43	1.27527
67	46	0.847492
67	47	0.699077
67	50	1.37929
67	52	1.29488
67	55	1.35417
67	57	1.34266
67	58	0.838759
67	59	1.39548
67	60	1.43682
67	62	1.34908
67	63	1.38654
67	64	1.40836
67	65	1.40836
67	66	1.44769
67	68	1.38533
67	69	1.38533
67	70	1.3141
67	71	1.3995
67	72	0.757813
67	73	1.37489
67	74	1.35398
67	75	0.784396
67	76	1.35579
67	77	0.796117
67	78	1.33805
67	79	0.792792
67	80	0.766853
68	13	1.04295
68	19	1.34552
68	25	1.22174
68	28	0.958363
68	29	0.830314
68	32	0.849559
68	33	0.710973
68	35	0.694792
68	38	0.775299
68	40	1.26668
68	41	0.742674
68	43	1.23657
68	44	0.757711
68	45	0.859962
68	46	0.84462
68	49	0.761601
68	50	1.34059
68	52	1.25618
68	54	0.782012
68	55	1.31547
68	56	0.821432
68	57	1.30396
68	59	1.35678
68	60	1.39813
68	62	1.31038
68	63	1.34784
68	64	1.36966
68	65	1.36966
68	66	1.40899
68	67	1.38533
68	69	1.34663
68	70	1.2754
68	71	1.3608
68	72	0.754941
68	73	1.33619
68	74	1.31529
68	75	0.781524
68	76	1.31709
68	77	0.793246
68	78	1.29935
68	79	0.78992
69	6	0.81532
69	13	1.04295
69	14	0.711932
69	19	1.34552
69	23	0.814657
69	25	1.22174
69	26	0.728325
69	29	0.85767
69	31	0.778228
69	39	0.670337
69	40	1.26668
69	43	1.23657
69	44	0.785067
69	45	0.887318
69	50	1.34059
69	51	0.776141
69	52	1.25618
69	54	0.809369
69	55	1.31547
69	57	1.30396
69	58	0.863243
69	59	1.35678
69	60	1.39813
69	61	0.799637
69	62	1.31038
69	63	1.34784
69	64	1.36966
69	65	1.36966
69	66	1.40899
69	67	1.38533
69	68	1.34663
69	70	1.2754
69	71	1.3608
69	72	0.782298
69	73	1.33619
69	74	1.31529
69	76	1.31709
69	77	0.820602
69	78	1.29935
69	79	0.817277
69	80	0.791337
70	1	1.41958
70	4	1.41958
70	7	1.16642
70	10	1.00703
70	13	0.971726
70	14	0.793235
70	19	1.2743
70	20	0.759842
70	21	0.780887
70	25	1.15052
70	26	0.809627
70	33	0.819632
70	35	0.803451
70	36	0.849828
70	39	0.75164
70	40	1.19545
70	42	0.920648
70	43	1.16535
70	50	1.26936
70	51	0.857444
70	52	1.18495
70	53	0.900848
70	55	1.24424
70	57	1.23274
70	58	0.944546
70	59	1.28556
70	60	1.3269
70	62	1.23916
70	63	1.27662
70	64	1.29843
70	65	1.29843
70	66	1.33776
70	67	1.3141
70	68	1.2754
70	69	1.2754
70	71	1.28957
70	72	0.863601
70	73	1.26497
70	74	1.24406
70	75	0.890184
70	76	1.24586
70	78	1.22812
70	79	0.898579
70	80	0.87264
71	7	1.25182
71	12	0.726858
71	13	1.05712
71	14	0.704111
71	19	1.3597
71	24	0.744803
71	25	1.23591
71	26	0.720503
71	30	0.906806
71	36	0.760704
71	40	1.28085
71	42	0.831524
71	43	1.25075
71	44	0.777246
71	48	0.740786
71	50	1.35476
71	52	1.27035
71	54	0.801547
71	55	1.32964
71	56	0.840967
71	57	1.31814
71	58	0.855422
71	59	1.37095
71	60	1.4123
71	61	0.791816
71	62	1.32456
71	63	1.36201
71	64	1.38383
71	65	1.38383
71	66	1.42316
71	67	1.3995
71	68	1.3608
71	69	1.3608
71	70	1.28957
71	72	0.774476
71	73	1.35036
71	74	1.32946
71	75	0.80106
71	76	1.33126
71	77	0.812781
71	78	1.31352
71	79	0.809455
71	80	0.783516
72	5	1.242
72	10	1.08887
72	16	0.605204
72	27	1.23571
72	28	1.10843
72	32	0.831706
72	34	1.36525
72	35	1.39261
72	36	1.29483
72	37	1.20391
72	38	1.29483
72	39	1.47008
72	40	0.823136
72	41	1.3363
72	43	0.79766
72	44	1.36968
72	45	0.842109
72	47	1.35827
72	48	1.35827
72	49	1.32259
72	51	1.32259
72	53	1.28706
72	54	1.28655
72	55	0.791089
72	56	1.25277
72	57	0.824619
72	58	1.22286
72	59	0.778881
72	60	0.716166
72	61	1.2944
72	64	0.735239
72	67	0.757813
72	68	0.754941
72	69	0.782298
72	70	0.863601
72	71	0.774476
72	73	0.785625
72	74	0.821828
72	75	1.3681
72	76	1.30786
72	77	1.35123
72	78	1.29012
72	79	1.34627
72	80	1.36512
73	1	1.48037
73	4	1.48037
73	7	1.22721
73	11	0.783215
73	13	1.03252
73	16	0.65374
73	19	1.33509
73	22	0.773288
73	25	1.21131
73	32	0.880242
73	34	0.679145
73	37	0.920134
73	38	0.805982
73	40	1.25624
73	43	1.22614
73	48	0.751934
73	49	0.792284
73	50	1.33015
73	51	0.779468
73	52	1.24574
73	53	0.822872
73	55	1.30503
73	56	0.852115
73	57	1.29353
73	58	0.86657
73	59	1.34635
73	60	1.38769
73	61	0.802964
73	62	1.29995
73	63	1.33741
73	64	1.35922
73	65	1.35922
73	66	1.39855
73	67	1.37489
73	68	1.33619
73	69	1.33619
73	70	1.26497
73	71	1.35036
73	72	0.785625
73	74	1.30485
73	75	0.812208
73	76	1.30665
73	77	0.823929
73	78	1.28891
73	79	0.820603
73	80	0.794664
74	3	0.643963
74	9	0.654693
74	18	0.87915
74	20	0.718069
74	26	1.30288
74	28	1.02525
74	29	0.8972
74	30	1.20262
74	32	1.22928
74	33	1.35683
74	34	0.715348
74	35	0.761678
74	36	0.808055
74	39	0.709868
74	42	1.20846
74	44	0.824597
74	45	1.22228
74	46	1.26827
74	48	0.788137
74	49	0.828488
74	53	0.859076
74	54	0.848899
74	55	1.28413
74	57	1.27262
74	58	0.902774
74	59	1.32544
74	60	1.36678
74	61	0.839167
74	62	1.27904
74	63	1.3165
74	64	1.33832
74	65	1.33832
74	66	1.37765
74	67	1.35398
74	68	1.31529
74	69	1.31529
74	70	1.24406
74	71	1.32946
74	72	0.821828
74	73	1.30485
74	75	1.34598
74	77	1.32911
74	79	1.32415
74	80	1.343
75	1	0.589417
75	7	0.741384
75	17	1.22943
75	18	1.21219
75	20	1.38451
75	23	1.29959
75	26	1.36491
75	27	1.27563
75	28	1.14835
75	30	1.26466
75	32	1.29131
75	33	1.41886
75	34	1.40516
75	35	1.43253
75	37	1.24383
75	38	0.784029
75	39	1.51
75	42	1.2705
75	43	0.824243
75	44	1.4096
75	45	1.28431
75	46	1.3303
75	49	0.770331
75	52	0.836206
75	53	0.80092
75	55	0.817673
75	57	1.33466
75	60	0.742749
75	61	0.781011
75	62	0.834998
75	63	0.773789
75	65	0.741227
75	66	0.757485
75	67	0.784396
75	68	0.781524
75	70	0.890184
75	71	0.80106
75	72	1.3681
75	73	0.812208
75	74	1.34598
75	76	1.34778
75	77	1.39115
75	78	1.33004
75	79	1.38619
75	80	1.40504
76	6	1.25572
76	10	1.06856
76	12	0.772175
76	17	1.1692
76	18	1.15196
76	22	0.807457
76	26	0.76582
76	27	1.2154
76	28	1.08812
76	29	0.895166
76	31	0.815724
76	33	0.775825
76	34	1.34493
76	35	1.3723
76	37	1.1836
76	38	0.840151
76	39	1.44977
76	41	0.807527
76	42	0.876841
76	44	1.34937
76	47	0.761057
76	48	0.786103
76	49	0.826453
76	51	0.813637
76	52	1.22664
76	53	0.857041
76	54	0.846864
76	55	1.28593
76	56	0.886284
76	58	0.900739
76	59	1.32724
76	60	1.36859
76	61	0.837133
76	62	1.28085
76	63	1.3183
76	64	1.34012
76	65	1.34012
76	66	1.37945
76	67	1.35579
76	68	1.31709
76	69	1.31709
76	70	1.24586
76	71	1.33126
76	72	1.30786
76	73	1.30665
76	75	1.34778
76	77	0.858098
76	78	1.26981
76	79	1.32596
76	80	0.828833
77	14	1.32998
77	19	0.713134
77	22	1.28322
77	23	1.28272
77	26	1.34804
77	30	1.24779
77	32	1.27444
77	33	1.40199
77	34	0.668913
77	36	1.31788
77	38	1.31788
77	39	0.663433
77	40	0.86144
77	41	1.35935
77	42	1.25363
77	43	0.835965
77	45	1.26744
77	46	1.31344
77	47	1.38132
77	48	1.38132
77	49	1.34564
77	51	1.34564
77	52	0.847927
77	53	1.31011
77	54	1.3096
77	56	1.27582
77	57	1.31779
77	58	1.24591
77	59	0.817185
77	60	0.754471
77	61	1.31745
77	62	0.846719
77	63	0.78551
77	64	0.773543
77	65	0.752949
77	66	0.769206
77	67	0.796117
77	68	0.793246
77	69	0.820602
77	71	0.812781
77	72	1.35123
77	73	0.823929
77	74	1.32911
77	75	1.39115
77	76	0.858098
77	78	0.887758
77	79	1.36932
77	80	1.38817
78	2	0.618967
78	3	1.4102
78	6	1.23798
78	15	0.753573
78	18	1.13422
78	20	1.30654
78	21	0.76674
78	22	0.837117
78	24	0.81978
78	26	0.795481
78	27	1.19766
78	28	1.07038
78	31	0.845384
78	33	0.805485
78	34	1.32719
78	35	1.35456
78	36	0.835681
78	37	1.16586
78	38	0.869811
78	39	1.43203
78	41	0.837187
78	42	0.906501
78	44	1.33163
78	47	0.790717
78	48	0.815763
78	49	0.856114
78	52	1.2089
78	54	0.876525
78	55	1.26819
78	56	0.915944
78	59	1.3095
78	60	1.35085
78	61	0.866793
78	62	1.26311
78	63	1.30056
78	64	1.32238
78	65	1.32238
78	66	1.36171
78	67	1.33805
78	68	1.29935
78	69	1.29935
78	70	1.22812
78	71	1.31352
78	72	1.29012
78	73	1.28891
78	75	1.33004
78	76	1.26981
78	77	0.887758
78	79	1.30822
78	80	0.858494
79	10	1.10696
79	14	1.32502
79	17	1.20761
79	18	1.19036
79	20	1.36268
79	22	1.27826
79	23	1.27776
79	24	0.742393
79	25	0.891791
79	26	1.34309
79	27	1.2538
79	28	1.12652
79	30	1.24283
79	32	1.26948
79	33	1.39703
79	34	1.38334
79	35	1.4107
79	36	0.758295
79	37	1.222
79	39	1.48817
79	40	0.858115
79	41	0.759801
79	42	1.24867
79	44	1.38777
79	45	1.26248
79	46	1.30848
79	52	0.844601
79	56	0.838558
79	57	1.31283
79	58	0.853013
79	59	0.81386
79	60	0.751145
79	61	0.789407
79	62	0.843393
79	63	0.782185
79	66	0.765881
79	67	0.792792
79	68	0.78992
79	69	0.817277
79	70	0.898579
79	71	0.809455
79	72	1.34627
79	73	0.820603
79	74	1.32415
79	75	1.38619
79	76	1.32596
79	77	1.36932
79	78	1.30822
79	80	1.38321
80	5	1.0318
80	16	1.55812
80	19	0.683869
80	22	1.29711
80	25	0.865852
80	26	1.36194
80	27	0.766001
80	28	0.94955
80	29	1.25945
80	30	1.26168
80	32	1.28833
80	33	1.41588
80	35	0.685979
80	36	1.33177
80	38	1.33177
80	41	1.37324
80	42	1.26752
80	43	0.8067
80	44	0.748898
80	45	1.28133
80	46	1.32733
80	47	1.39521
80	48	1.39521
80	49	1.35953
80	50	0.774439
80	51	1.35953
80	52	0.818662
80	53	1.324
80	54	1.32349
80	55	0.800129
80	56	1.28971
80	57	1.33168
80	58	1.2598
80	61	1.33134
80	63	0.756246
80	64	0.744278
80	65	0.723684
80	66	0.739942
80	67	0.766853
80	69	0.791337
80	70	0.87264
80	71	0.783516
80	72	1.36512
80	73	0.794664
80	74	1.343
80	75	1.40504
80	76	0.828833
80	77	1.38817
80	78	0.858494
80	79	1.38321
